// Insertion sort
var A = [5, 50, 23, 1, 70, 0, 10, 15, 99, 30];  
for (var i = 0; i < A.length; i++){
    var v = A[i], j = i-1;
    while (j >= 0 && A[j] > v){
        A[j+1] = A[j]; j--;
    }
   A[j+1] = v;
 }                    
console.log(A);

/*Работает он вот так:
5
5, 50,
5, 50, 23

5, 23, 50, 1
5, 23, 1, 50
5, 1, 23, 50
1, 5, 23, 50

1, 5, 23, 50, 0
1, 5, 23, 0, 50
1, 5, 0, 23, 50
1, 0, 5, 23, 50
0, 1, 5, 23, 50

0, 1, 5, 23, 50, 70

0, 1, 5, 23, 50, 70, 10
0, 1, 5, 23, 50, 10, 70
0, 1, 5, 23, 10, 50, 70
0, 1, 5, 10, 23, 50, 70

0, 1, 5, 10, 23, 50, 70, 15

0, 1, 5, 10, 23, 50, 15, 70
0, 1, 5, 10, 23, 15, 50, 70
0, 1, 5, 10, 15, 23, 50, 70

0, 1, 5, 10, 15, 23, 50, 70, 99

0, 1, 5, 10, 15, 23, 50, 70, 99, 30

0, 1, 5, 10, 15, 23, 50, 70, 30, 99
0, 1, 5, 10, 15, 23, 50, 30, 70, 99
0, 1, 5, 10, 15, 23, 30, 50, 70, 99*/
